[1, 3, 9, 31, 43] 224 61
[1, 3, 11, 27, 41] 225 61
[1, 3, 7, 23, 41] 226 60
[1, 3, 7, 19, 44] 227 58
[1, 4, 6, 23, 37] 227 58
[1, 4, 23, 37, 43] 227 58
[1, 13, 23, 39, 44] 227 58
[1, 3, 9, 22, 37] 228 58
[1, 5, 13, 23, 39] 228 58
[1, 5, 13, 29, 49] 229 54
[1, 3, 12, 30, 47] 231 52
[1, 3, 10, 15, 38] 233 52
[1, 5, 7, 25, 41] 234 51
[1, 10, 15, 18, 58] 234 51
[1, 3, 15, 20, 46] 235 49
[1, 10, 15, 17, 61] 237 49
[1, 3, 20, 35, 46] 238 49
[1, 5, 7, 25, 39] 238 49
[1, 5, 7, 25, 46] 239 49
[1, 5, 11, 20, 71] 240 48
[1, 5, 13, 15, 39] 240 48
[1, 21, 25, 34, 40] 240 48
[1, 5, 7, 19, 35] 241 47
[1, 9, 20, 25, 38] 242 47
[1, 4, 11, 30, 45] 243 47
[1, 5, 18, 20, 47] 243 47
[1, 4, 10, 15, 39] 244 47
[1, 3, 15, 35, 45] 245 43
[1, 5, 13, 15, 45] 248 42
[1, 5, 17, 35, 45] 250 42
[1, 5, 21, 35, 45] 250 42
[1, 5, 7, 25, 40] 251 42
[1, 5, 11, 25, 40] 251 42
[1, 5, 15, 23, 35] 252 42
[1, 5, 15, 27, 45] 253 41
[1, 5, 15, 27, 35] 256 41
[1, 5, 20, 36, 45] 257 41
[1, 10, 25, 35, 41] 260 41
[1, 5, 15, 25, 61] 261 40
[1, 15, 19, 25, 45] 263 40
[1, 5, 15, 40, 41] 266 40
[1, 5, 15, 35, 61] 267 39
[1, 5, 19, 35, 45] 270 39
[1, 5, 15, 40, 45] 282 39
[1, 5, 20, 30, 45] 284 36
[1, 5, 15, 35, 45] 286 36
[1, 5, 15, 35, 40] 289 36
[1, 5, 15, 20, 45] 291 36
