[1, 6, 10, 28, 31] 262 71
[1, 8, 11, 28, 30] 263 68
[1, 5, 16, 23, 33] 264 65
[1, 5, 12, 28, 41] 266 65
[1, 3, 11, 27, 34] 267 64
[1, 4, 14, 25, 33] 268 63
[1, 4, 10, 23, 31] 269 63
[1, 4, 15, 27, 32] 269 63
[1, 5, 11, 29, 32] 269 63
[1, 5, 12, 28, 31] 269 63
[1, 5, 12, 26, 34] 270 62
[1, 5, 12, 20, 37] 271 60
[1, 6, 10, 25, 32] 271 60
[1, 4, 9, 25, 31] 272 60
[1, 4, 14, 20, 31] 273 60
[1, 5, 8, 25, 31] 273 60
[1, 5, 11, 30, 37] 273 60
[1, 5, 12, 26, 35] 273 60
[1, 3, 10, 25, 31] 274 60
[1, 4, 14, 21, 30] 274 60
[1, 4, 15, 24, 36] 274 60
[1, 5, 11, 30, 33] 274 60
[1, 5, 12, 22, 30] 274 60
[1, 5, 16, 19, 39] 274 60
[1, 5, 16, 25, 28] 274 60
[1, 3, 10, 24, 30] 275 57
[1, 7, 10, 28, 30] 275 57
[1, 4, 10, 25, 32] 276 57
[1, 5, 7, 24, 40] 276 57
[1, 5, 12, 25, 28] 276 57
[1, 5, 8, 20, 37] 277 56
[1, 5, 8, 25, 44] 277 56
[1, 5, 8, 30, 42] 277 56
[1, 5, 17, 19, 30] 277 56
[1, 4, 15, 25, 33] 278 55
[1, 5, 11, 24, 40] 278 55
[1, 5, 11, 19, 40] 279 54
[1, 5, 21, 24, 35] 280 54
[1, 4, 14, 25, 30] 281 54
[1, 4, 15, 25, 41] 282 54
[1, 5, 16, 19, 45] 282 54
[1, 5, 16, 25, 39] 283 53
[1, 5, 21, 24, 30] 283 53
[1, 5, 16, 25, 44] 285 53
[1, 5, 20, 29, 36] 286 53
[1, 5, 7, 25, 40] 287 48
[1, 5, 8, 25, 40] 287 48
[1, 5, 18, 25, 40] 289 47
[1, 5, 14, 25, 35] 294 46
[1, 5, 19, 25, 40] 295 45
[1, 4, 10, 25, 30] 297 45
[1, 5, 20, 29, 45] 306 45
[1, 5, 20, 34, 45] 314 45
[1, 5, 15, 40, 49] 332 45
[1, 5, 20, 30, 54] 339 45
[1, 5, 15, 40, 59] 343 45
[1, 5, 25, 35, 54] 343 45
[1, 5, 25, 40, 54] 343 45
[1, 5, 20, 30, 64] 345 45
[1, 5, 20, 30, 74] 353 45
[1, 5, 15, 40, 74] 355 45
[1, 5, 20, 45, 74] 355 45
[1, 5, 10, 30, 45] 360 40
[1, 5, 15, 20, 45] 360 40
[1, 5, 15, 35, 40] 360 40
[1, 5, 15, 35, 45] 360 40
[1, 5, 15, 35, 60] 360 40
[1, 5, 15, 40, 45] 360 40
[1, 5, 20, 30, 45] 360 40
[1, 5, 20, 30, 65] 360 40
[1, 5, 20, 35, 45] 360 40
