1 23926 28 24550
2 23308 16 25844
3 14296 16 10597
4 26065 24 22731
5 11907 23 14819
6 24057 27 28745
7 4763 22 6482
8 783 7 1331
9 5624 10 6727
10 2687 20 21989
11 16232 4 11662
12 26192 4 7750
13 5548 20 251
14 14438 8 6951
15 29452 9 27574
16 7839 0 22577
17 2257 12 22104
18 7047 28 22550
19 3877 16 13516
20 22352 27 26313
21 17522 1 26518
22 9851 0 12013
23 18330 21 15567
24 16788 14 10867
25 2449 3 23578
26 4405 25 18792
27 8316 9 17015
28 10559 17 27894
29 16309 27 11872
30 5634 18 4393
31 25686 27 28602
32 22487 14 8246
33 10522 29 12211
34 10481 14 5255
35 4641 10 23878
36 7807 15 13033
37 16632 28 12846
38 25354 25 5528
39 895 6 15928
40 7403 5 22097
41 7386 3 28809
42 13671 24 23657
43 26410 26 29661
44 26498 27 12676
45 22912 11 3381
46 10167 14 12742
47 27628 4 23736
48 16514 12 27032
49 9110 21 19861
50 21684 14 21260
51 9500 3 7997
52 8914 28 26718
53 8494 13 14074
54 11077 22 25380
55 15342 16 24748
56 17841 9 6133
57 2766 19 29555
58 13220 11 29906
59 4125 1 28244
60 28266 23 27621
61 24951 8 9519
62 21348 13 8972
63 17531 17 29296
64 16969 12 1507
65 24439 2 28606
66 28083 10 26128
67 17272 10 23900
68 9828 29 28801
69 4506 29 6689
70 1082 25 3663
71 7294 7 22255
72 23561 0 3380
73 1164 11 18715
74 11458 3 21316
75 928 1 8864
76 19742 23 12591
77 7986 16 23750
78 18250 20 836
79 1816 5 14577
80 24422 14 11097
81 22001 15 4124
82 1507 10 29939
83 671 26 24973
84 13353 18 26654
85 17392 21 6032
86 2258 7 18153
87 23140 23 28896
88 7570 18 17045
89 1417 17 11636
90 25455 9 12326
91 17546 3 28154
92 22056 20 28672
93 6030 8 29028
94 26013 27 17749
95 7301 11 13615
96 11065 2 15695
97 10037 25 1117
98 14653 16 10493
99 16335 25 24416
100 15692 11 15913
