1 9459 15 17121
2 8550 7 7907
3 10794 16 2879
4 3416 6 1866
5 27235 1 3637
6 13952 2 13059
7 26551 3 3753
8 29935 11 10666
9 14450 29 3264
10 1355 10 9739
11 4777 18 4185
12 11941 29 27016
13 5537 16 17568
14 26330 4 16366
15 24364 16 6810
16 9186 17 11986
17 18057 28 15321
18 2998 10 16540
19 17877 16 12823
20 11772 4 6489
21 26830 10 3967
22 14023 19 7017
23 24229 0 29728
24 13439 28 15578
25 28105 15 12673
26 19380 4 14895
27 5915 24 19985
28 8777 14 6872
29 24401 1 13722
30 16801 17 19445
31 25737 25 27799
32 15103 1 12678
33 14134 22 27319
34 2946 24 20611
35 5730 25 29923
36 22499 27 16577
37 1176 21 3030
38 6273 2 5804
39 14135 18 26032
40 1263 21 17631
41 14477 26 18905
42 10883 17 17360
43 11120 20 15209
44 27653 4 11374
45 15032 23 3930
46 16218 3 20745
47 27767 8 25042
48 12030 22 14615
49 15669 28 3417
50 7413 23 10754
51 24286 15 12892
52 27565 19 20166
53 1456 4 25989
54 1060 0 3042
55 19087 4 10278
56 28335 2 10188
57 29018 28 9512
58 28590 18 29960
59 5671 14 124
60 11916 29 14927
61 18625 21 25673
62 11800 20 29317
63 23616 6 5055
64 924 4 17178
65 26711 29 15698
66 5081 4 4528
67 21128 19 24723
68 29707 19 428
69 28002 13 5440
70 25702 15 14834
71 15007 27 29832
72 26318 1 4435
73 20252 15 24429
74 7524 25 9661
75 27792 6 28597
76 3816 11 138
77 11335 14 24148
78 15460 5 7666
79 6004 1 21386
80 15684 27 28976
81 26227 13 21790
82 13773 14 3460
83 1291 5 25477
84 15002 10 15139
85 91 9 26421
86 2889 15 26055
87 8771 12 8514
88 22557 20 13335
89 14378 21 24040
90 22774 20 17308
91 24295 0 1864
92 17287 2 9841
93 3319 7 20126
94 25008 29 4196
95 12569 20 22820
96 5526 8 5091
97 20268 8 15171
98 25112 28 28678
99 1241 26 16409
100 24413 24 4842
101 4539 0 28934
102 14176 27 20689
103 23219 6 1329
104 4046 27 29958
105 22918 27 25567
106 2284 23 6091
107 8076 0 12798
108 1443 1 14749
109 22266 18 23461
110 10317 29 871
111 20144 26 2478
112 12702 3 12249
113 26486 18 9638
114 28589 20 652
115 29995 1 6207
116 700 26 9221
117 25897 29 14899
118 1906 26 27260
119 16739 21 13458
120 18182 0 2951
121 21343 3 400
122 13773 26 22426
123 28585 14 16650
124 23215 18 24864
125 20519 27 14352
126 18930 7 6537
127 24577 14 249
128 18475 25 13195
129 1067 12 28077
130 11746 18 28602
131 18639 6 1126
132 3141 6 18607
133 26433 12 23908
134 28135 5 2937
135 10997 28 16862
136 5997 2 18873
137 6713 17 28956
138 13904 25 14606
139 5130 5 18521
140 26145 11 18586
141 22636 8 8765
142 20135 24 18032
143 13778 28 2165
144 3199 21 25137
145 6704 9 22181
146 28578 5 18666
147 11267 1 5099
148 25677 20 181
149 3549 25 17494
150 22824 1 5283
151 19086 10 14391
152 1880 14 25951
153 24127 7 23920
154 8749 14 3887
155 28008 19 6306
156 28381 9 20017
157 29497 4 14374
158 13253 8 3760
159 24271 26 14760
160 15081 3 16490
161 12736 25 21738
162 15960 22 4891
163 17583 18 11870
164 14724 8 21595
165 20598 24 22187
166 23249 10 8495
167 2707 3 21018
168 29922 23 27508
169 28621 29 11959
170 11781 21 24420
171 11779 24 23384
172 28605 25 15274
173 19682 0 19179
174 969 8 20345
175 22689 23 15937
176 25448 22 27942
177 8710 16 9633
178 4819 11 616
179 8860 2 9286
180 6692 28 18169
181 23228 17 19319
182 13054 27 26145
183 5242 25 8632
184 12676 20 803
185 18877 8 21215
186 29982 2 24056
187 21468 6 24942
188 24597 22 15094
189 27089 4 19707
190 7164 19 2296
191 11534 7 25926
192 22630 24 8802
193 25714 13 19810
194 8587 20 18367
195 9153 0 3126
196 23140 15 5927
197 330 1 14630
198 29672 8 7157
199 21945 21 16781
200 21237 6 29847
201 9185 26 25256
202 13744 26 12181
203 5600 11 7310
204 495 10 15239
205 18787 6 14323
206 296 18 19886
207 18741 21 25260
208 4062 29 28386
209 14200 11 11103
210 26701 5 24509
211 13244 19 7411
212 13114 18 13681
213 11242 22 1239
214 14087 14 5075
215 17784 2 9342
216 14846 4 17964
217 28436 8 21872
218 26934 22 24202
219 28703 28 18223
220 18831 2 29220
221 16914 8 15055
222 10289 9 20255
223 5666 12 12433
224 28867 29 28415
225 8797 17 11610
226 1783 18 12212
227 3211 7 21434
228 24935 23 21973
229 7493 22 21774
230 11934 2 11755
231 14840 9 28561
232 602 5 21181
233 26748 1 18212
234 18730 9 21295
235 6030 1 26452
236 2437 17 3738
237 17924 15 16591
238 13686 18 2162
239 1003 7 23428
240 24000 10 4932
241 17223 6 5953
242 11782 13 3495
243 17586 23 22327
244 14980 5 14981
245 21377 29 17124
246 21708 12 11190
247 18317 26 12979
248 17375 25 28744
249 29923 14 15262
250 1418 5 28429
251 24068 17 3401
252 5833 23 13525
253 20529 14 6959
254 24146 22 18006
255 1676 18 13300
256 28893 25 9967
257 7943 11 23981
258 22099 29 19164
259 4179 27 25328
260 19198 29 24546
261 16044 19 11845
262 20826 12 7637
263 25829 19 15622
264 13172 8 27733
265 3503 27 13114
266 5338 4 25583
267 27701 8 26311
268 13351 17 3812
269 7057 24 10583
270 12644 8 28652
271 16400 21 15013
272 28958 17 21472
273 6527 19 1776
274 15318 8 19082
275 10876 19 12570
276 8400 21 17478
277 19448 11 28159
278 17768 7 14358
279 1162 27 14063
280 28452 13 5073
281 6511 26 11963
282 16838 6 8238
283 796 9 26664
284 17356 15 1915
285 8483 16 25940
286 25642 20 10629
287 663 20 9954
288 19263 9 15275
289 27281 16 4433
290 18238 3 7579
291 25034 0 7550
292 27477 6 1985
293 22782 8 10330
294 13106 25 24384
295 3949 10 5704
296 29188 23 2268
297 15205 16 19672
298 1337 0 16874
299 1396 16 15407
300 2096 18 9381
301 2145 19 12892
302 17921 0 16639
303 2329 13 9213
304 13748 1 24981
305 10290 10 18012
306 15377 26 17602
307 20022 26 12980
308 8657 0 4566
309 1075 25 5639
310 3595 16 11704
311 13950 22 29759
312 11241 4 21708
313 15033 9 17211
314 10699 15 24675
315 7450 6 26486
316 5945 3 4863
317 24541 4 4890
318 5745 1 21983
319 17884 11 22332
320 9869 10 21771
321 28356 21 25719
322 21547 8 27234
323 17508 5 21062
324 4452 0 9330
325 10643 20 26301
326 9903 14 18846
327 15395 7 14835
328 20547 4 1837
329 17176 23 21822
330 27516 2 5075
331 19480 3 4505
332 23962 27 4598
333 7430 23 22871
334 29526 4 29645
335 25088 14 13698
336 25220 13 25204
337 23633 26 26551
338 23238 27 14237
339 26377 23 21973
340 20510 1 9027
341 12113 4 8058
342 28575 5 11880
343 6764 28 18125
344 3449 15 29484
345 2684 15 14203
346 23917 25 3678
347 17870 24 25160
348 15943 0 6786
349 152 25 11215
350 20159 22 13768
351 28130 17 9984
352 20034 29 23288
353 24833 23 6017
354 1006 23 2577
355 4492 14 29109
356 12919 22 5042
357 10212 19 9717
358 25728 27 12302
359 4177 24 20404
360 7819 13 4458
361 23136 6 1903
362 4679 29 9742
363 24138 4 19507
364 369 21 3279
365 28209 14 25861
366 10050 13 12074
367 24009 14 10021
368 27837 19 601
369 23325 9 5249
370 23471 8 21958
371 12110 23 9800
372 4975 2 10994
373 9758 29 25246
374 27673 20 28316
375 2733 19 4019
376 2327 4 459
377 22579 12 7495
378 1678 3 6006
379 2354 2 21843
380 21093 26 18096
381 9331 1 7236
382 2908 24 2623
383 10279 4 13170
384 6868 18 5411
385 3743 27 15499
386 5686 0 25610
387 1735 22 27078
388 2793 21 8463
389 19204 7 28254
390 15118 14 3909
391 11717 24 3555
392 23884 24 22812
393 20943 3 13831
394 5543 11 2199
395 19333 4 13921
396 15471 16 10313
397 15927 5 21706
398 3418 19 15531
399 9483 21 13590
400 28966 21 27014
401 20134 10 25960
402 10139 7 16007
403 29 8 23938
404 6509 25 27084
405 178 3 9884
406 26335 7 11106
407 3435 5 3954
408 29330 19 21635
409 13083 4 4
410 12188 22 4431
411 12160 7 13090
412 6413 18 17736
413 27301 25 20802
414 18298 28 26473
415 27677 7 5513
416 27099 17 27391
417 3640 22 9443
418 12472 24 6178
419 7091 12 19505
420 16621 6 28412
421 26285 24 9643
422 7308 1 5656
423 15037 0 15287
424 6547 19 26485
425 18671 0 23067
426 136 4 783
427 9974 2 28612
428 16414 21 16720
429 21343 8 29204
430 1765 4 9020
431 3231 27 1576
432 12354 11 3132
433 24625 2 12009
434 26694 27 21867
435 25140 4 643
436 14997 20 13762
437 17354 12 14148
438 19930 17 5030
439 13647 22 13590
440 3577 3 14402
441 3768 14 23584
442 22798 12 16571
443 2947 5 9031
444 13450 11 16000
445 29971 10 3428
446 8861 15 27586
447 2130 9 3500
448 20605 11 10583
449 26246 12 8217
450 26233 10 8045
451 15529 28 2033
452 18869 7 15837
453 15384 18 4209
454 19051 19 14122
455 722 23 9321
456 2081 4 6793
457 8087 29 9071
458 26869 17 25050
459 21453 28 18813
460 7993 26 6540
461 14876 24 9931
462 9415 23 3012
463 21132 18 15491
464 25132 10 28646
465 24033 18 25829
466 19982 20 27084
467 12156 5 21610
468 18951 19 623
469 4536 4 8524
470 3440 1 5058
471 17396 26 20440
472 18443 3 4373
473 18675 7 11712
474 8994 23 19082
475 15458 4 11880
476 28393 1 12123
477 10824 26 29209
478 29198 0 11650
479 28521 28 21229
480 5693 16 11729
481 612 25 23537
482 12369 10 12215
483 22617 27 24606
484 14908 11 8513
485 12372 22 12142
486 6794 2 20646
487 25057 9 10695
488 29284 10 14770
489 2984 21 3813
490 11705 2 7630
491 22912 6 16356
492 7975 4 23888
493 24507 8 26093
494 14639 24 7225
495 15032 17 23744
496 13942 3 18619
497 28809 27 27404
498 11913 6 2767
499 16098 4 29171
500 17601 22 28986
501 27117 8 28315
502 13042 22 20634
503 9236 4 11609
504 14328 10 15163
505 16703 28 23824
506 8114 17 21775
507 20700 22 27210
508 13452 3 12659
509 7629 7 25578
510 22210 12 24257
511 26365 18 4514
512 17859 11 5418
513 9001 14 16098
514 7019 14 1981
515 1595 12 22983
516 22230 26 28886
517 1996 5 28499
518 19354 8 10718
519 28612 2 19466
520 29887 15 21081
521 16715 3 26735
522 8901 22 19120
523 6996 20 6878
524 9467 4 11265
525 12882 21 6010
526 26693 14 25290
527 6333 3 26660
528 25086 28 24412
529 8917 0 9757
530 14089 9 2677
531 27418 19 4965
532 13131 0 29827
533 7490 11 422
534 26715 14 24315
535 8470 28 13367
536 8105 0 2842
537 19190 29 27683
538 2784 19 24461
539 23101 25 26736
540 5501 6 29121
541 18874 21 12879
542 16869 10 4406
543 6686 10 10818
544 5059 18 2223
545 22264 1 27366
546 10079 23 26097
547 20634 0 4702
548 19800 4 2525
549 18964 20 21689
550 15431 0 12171
551 28467 25 29680
552 12882 22 2038
553 8495 10 3088
554 6615 9 28927
555 21403 23 21945
556 6983 12 2157
557 2903 12 3026
558 9207 20 12307
559 8770 20 29464
560 29269 25 3695
561 3356 27 1725
562 8002 15 16138
563 24676 10 12718
564 24497 2 17821
565 5908 2 5575
566 1665 25 12655
567 9756 20 21147
568 22016 12 11166
569 11933 0 19546
570 4379 12 17383
571 12228 14 22393
572 12472 1 29235
573 7196 24 25244
574 29879 7 1495
575 17090 1 19056
576 25106 24 13393
577 7775 24 13288
578 1278 23 1575
579 9438 26 9477
580 12512 17 1222
581 6682 20 28745
582 23117 24 12293
583 5977 8 2223
584 4764 24 25877
585 10923 14 28567
586 2388 0 25805
587 29456 22 6240
588 8902 4 28713
589 19638 22 29677
590 86 14 26695
591 26022 27 18198
592 21020 1 2826
593 11711 0 2448
594 18817 18 1278
595 18003 9 3865
596 24183 26 27272
597 20043 22 5674
598 18064 16 14517
599 16310 22 15052
600 24096 21 29226
601 10333 20 3979
602 22965 25 15342
603 17749 0 9837
604 23744 27 7545
605 20212 8 9065
606 9067 10 9252
607 7915 3 23240
608 10940 9 27910
609 19786 20 26752
610 8393 3 11667
611 28661 19 20835
612 21299 8 13920
613 26397 18 15324
614 25463 18 22861
615 29367 12 25216
616 8137 2 292
617 10991 16 12732
618 16737 25 29077
619 11303 25 19717
620 27188 12 22497
621 12340 10 29019
622 19725 15 20609
623 3427 14 21145
624 5220 7 22430
625 18575 13 11462
626 27305 24 14180
627 18703 20 21798
628 14935 25 1680
629 14712 2 11729
630 21289 29 22995
631 20884 9 10235
632 19707 2 29345
633 9647 23 29723
634 10474 13 26730
635 5652 18 21008
636 16081 13 17713
637 10929 13 14972
638 17424 19 7515
639 5365 28 7173
640 19444 4 7221
641 14915 7 27555
642 28782 11 15232
643 22784 12 24108
644 22661 4 16311
645 16613 8 17689
646 23121 8 12745
647 29870 27 1179
648 14316 28 24122
649 3735 20 14697
650 27078 8 28666
651 3364 10 20416
652 9151 15 26459
653 6101 1 7575
654 2324 11 19124
655 6151 7 14289
656 212 0 19679
657 6494 4 26856
658 15984 21 6134
659 9923 2 28025
660 8513 22 22431
661 20598 12 25556
662 11834 10 9906
663 11459 10 16285
664 9061 10 20880
665 2160 21 2233
666 26871 28 4173
667 5348 10 17001
668 2303 9 18359
669 17604 4 11773
670 21658 16 28530
671 12447 14 9899
672 22128 21 25537
673 5339 1 9344
674 14684 4 15135
675 12931 13 29907
676 21623 29 17570
677 18335 20 22536
678 185 18 22158
679 29072 8 19120
680 7537 10 3735
681 3660 0 6763
682 25777 4 25935
683 2757 15 12796
684 5766 3 28923
685 18044 5 7150
686 25002 11 28220
687 8714 22 7082
688 10678 9 23595
689 3080 16 16685
690 189 17 16622
691 14937 7 20219
692 6572 21 26880
693 24515 17 1313
694 12506 13 14220
695 29283 24 19672
696 11506 9 19253
697 13163 6 21127
698 9082 8 20995
699 20109 12 16023
700 14655 22 6927
701 19122 5 15739
702 19946 10 24194
703 25584 22 11235
704 22861 28 14893
705 16713 23 27362
706 12424 2 25154
707 7381 12 26596
708 6434 2 26263
709 2848 7 26399
710 11515 2 7861
711 14301 8 8580
712 7889 19 28494
713 10548 2 2729
714 5562 12 23881
715 29843 1 26909
716 8827 20 7810
717 11827 14 27950
718 15333 9 21663
719 8103 15 3509
720 1059 23 15665
721 3642 27 12588
722 2195 18 25715
723 13618 15 27958
724 29163 10 10950
725 15939 4 5495
726 11902 2 16841
727 8925 16 22158
728 514 21 15513
729 17749 14 23387
730 19699 23 29489
731 25635 13 22568
732 23677 0 3631
733 17572 21 11201
734 28609 28 13783
735 29285 28 4624
736 10560 17 22777
737 19634 2 21933
738 27792 5 25376
739 29746 21 26942
740 2659 14 3217
741 29548 13 29090
742 6720 20 18106
743 13280 21 26365
744 14079 26 16733
745 6326 11 1569
746 13989 4 23761
747 26946 5 22900
748 13319 12 18739
749 14851 4 4383
750 5293 17 12127
751 18320 22 106
752 12803 16 10188
753 26457 15 23166
754 11279 23 25852
755 20091 0 22039
756 25887 6 28027
757 10717 8 27672
758 2044 15 10273
759 27794 2 13933
760 9613 28 27747
761 2619 2 2293
762 5112 15 1380
763 4997 5 25971
764 25272 22 18681
765 1478 24 9390
766 23051 22 21631
767 27426 28 5997
768 14633 0 6477
769 19152 16 24234
770 27770 7 6300
771 8313 7 9097
772 4452 4 18148
773 107 25 16488
774 15718 12 7482
775 12877 0 4362
776 4134 17 26635
777 23209 23 10908
778 10167 12 13985
779 11852 0 20722
780 18330 9 28028
781 11064 14 20263
782 22510 27 23461
783 27077 6 22045
784 13144 8 8145
785 24952 17 18046
786 11043 2 9618
787 25650 18 22447
788 7638 27 14646
789 26422 2 10990
790 29695 6 25627
791 11022 24 24301
792 17204 9 28086
793 6325 4 16449
794 19881 19 26875
795 3589 12 22661
796 8837 15 1020
797 16975 24 4917
798 13576 27 1756
799 14229 8 28609
800 1677 12 22642
801 17798 25 22273
802 1332 20 17523
803 19713 26 16342
804 20889 28 2364
805 24697 20 29914
806 2353 9 16668
807 25279 17 12441
808 4032 2 8394
809 20345 3 7218
810 28547 9 26049
811 23883 11 4737
812 16442 23 4398
813 8594 3 8705
814 29719 18 9167
815 16863 29 19765
816 16604 5 4592
817 15163 26 27127
818 29547 13 18135
819 8721 6 6546
820 18009 5 3529
821 19204 0 23532
822 7986 5 26271
823 17167 15 5459
824 13438 26 26454
825 22787 17 4909
826 13990 15 6341
827 25265 20 14182
828 20530 7 22659
829 13804 0 27971
830 25467 7 6422
831 23476 2 23850
832 15562 2 5313
833 1934 17 15096
834 3271 20 18845
835 23516 27 9681
836 4975 10 19865
837 17869 21 11861
838 28250 18 26593
839 29474 20 24344
840 25497 24 17318
841 26206 12 1361
842 19540 4 524
843 9484 27 25764
844 8286 19 2228
845 19883 16 5026
846 22362 20 13333
847 1420 22 29538
848 20981 7 5955
849 344 27 26370
850 14124 1 8833
851 6136 24 16798
852 4944 17 5748
853 5041 16 1665
854 2265 5 17765
855 25228 5 18785
856 1070 3 4415
857 17713 22 11407
858 22939 21 7379
859 4634 11 22929
860 25018 4 23956
861 6234 26 4889
862 5574 19 8868
863 15175 3 23037
864 13939 1 4580
865 12607 17 11492
866 3670 26 23319
867 1665 1 13624
868 16125 27 4534
869 5486 21 6924
870 13459 6 894
871 10211 4 13985
872 26099 25 1083
873 390 28 16435
874 26993 5 14539
875 29275 29 25187
876 16747 11 11356
877 1966 2 25347
878 27046 2 18037
879 16672 10 9429
880 27977 27 16069
881 21362 4 17109
882 23674 23 15356
883 24785 10 20427
884 3436 7 5238
885 5588 13 14549
886 21006 6 26438
887 14789 1 12734
888 6029 16 24103
889 3296 18 20269
890 913 15 1297
891 4972 6 17148
892 28857 28 12296
893 28976 20 26003
894 6881 7 28955
895 550 13 25278
896 7769 25 5679
897 21567 27 5590
898 6528 27 16851
899 10186 0 27296
900 1713 28 8198
901 23902 0 10566
902 6225 19 22774
903 2769 13 25072
904 11409 20 23567
905 25957 4 11737
906 25343 28 9474
907 21051 14 10103
908 25362 16 23820
909 6725 22 29664
910 3253 20 16231
911 11584 9 15941
912 3248 25 4566
913 11606 26 7759
914 23477 11 878
915 1231 27 22190
916 8829 29 15868
917 959 27 230
918 12120 26 14954
919 7609 4 18482
920 11166 24 22798
921 186 19 621
922 25842 5 15732
923 10827 6 3567
924 11446 26 14486
925 15209 8 22456
926 17785 17 26157
927 28706 11 16041
928 26886 24 13529
929 14314 9 4451
930 16398 4 29742
931 12613 10 29836
932 11524 9 2540
933 29318 26 11399
934 6505 26 7179
935 16125 12 10275
936 3032 5 18451
937 12610 19 7211
938 1045 29 2381
939 2275 12 5442
940 3747 3 1460
941 23060 28 21605
942 13404 5 24870
943 9963 24 27299
944 4913 17 13113
945 23694 14 4672
946 21134 12 28735
947 9102 13 5979
948 25041 19 698
949 16477 5 18189
950 8976 14 10059
951 25386 26 24983
952 16343 27 24038
953 17512 3 23522
954 26308 17 3091
955 19890 18 15805
956 21498 28 16084
957 8854 7 10953
958 14768 15 9481
959 3013 25 8201
960 14296 26 25628
961 416 10 8404
962 18898 20 11126
963 21925 12 3343
964 22183 23 2256
965 9114 3 16822
966 18525 23 19083
967 4408 25 11833
968 4909 26 7235
969 3191 24 28167
970 7964 26 20761
971 17437 2 29054
972 9173 4 22858
973 26700 8 5621
974 10701 25 26452
975 27924 20 11424
976 28280 11 27718
977 29625 3 29294
978 26474 17 27930
979 12247 28 26977
980 29367 7 15088
981 28708 13 22520
982 1173 15 16043
983 2355 11 6868
984 24816 5 26384
985 26762 27 18995
986 19768 16 12330
987 9237 28 26560
988 4869 4 27673
989 6265 0 10401
990 1794 10 26802
991 20159 4 10151
992 15029 24 21284
993 14170 15 21749
994 25976 28 27692
995 9488 27 7084
996 22557 22 4947
997 4563 0 4848
998 20273 0 20745
999 7190 28 13240
1000 28146 29 18557
