1 17668 28 8069
2 19513 21 6048
3 49 23 8392
4 18701 12 2573
5 21542 28 4184
6 17660 17 10744
7 15234 9 14648
8 26197 23 12108
9 22542 22 17633
10 4409 10 16121
11 21409 24 19163
12 20478 18 23018
13 11314 5 27383
14 25283 7 25483
15 13851 17 1166
16 17379 20 9069
17 2647 10 17672
18 11528 3 29970
19 6376 20 23487
20 7695 25 11996
21 26775 11 2801
22 13452 16 7153
23 24741 18 19113
24 25102 27 12188
25 11222 27 21737
26 12276 0 17566
27 8225 29 8254
28 25551 18 28786
29 6863 26 28774
30 8353 25 25212
31 734 26 11900
32 29902 8 10824
33 25142 15 23937
34 22964 1 20707
35 9062 9 4762
36 3491 24 19071
37 27881 13 6500
38 7948 28 21643
39 5849 1 29467
40 4174 23 5436
41 10426 7 18890
42 571 10 1190
43 14333 22 2525
44 12149 6 3248
45 11895 23 8050
46 21529 8 9992
47 24782 12 4997
48 8463 20 1759
49 8388 18 15161
50 19334 26 25857
51 6570 11 27715
52 10267 7 21794
53 28659 16 7682
54 3567 22 12264
55 28995 7 23475
56 2433 15 12486
57 25756 21 20573
58 14752 8 10752
59 11888 5 16347
60 27286 8 8255
61 2953 14 17482
62 6922 28 18209
63 8588 6 10456
64 3065 20 23163
65 11406 2 29094
66 14465 10 27800
67 6594 21 10001
68 20280 27 28518
69 2096 27 17519
70 5270 9 21213
71 1552 2 4890
72 20793 3 982
73 26973 20 7630
74 6002 23 8151
75 376 14 20584
76 10148 27 22106
77 925 0 1989
78 11105 19 22718
79 3312 3 7600
80 19336 27 17250
81 28465 29 559
82 28380 4 4946
83 17611 10 10634
84 2990 21 10430
85 25046 15 5516
86 2438 15 23123
87 18134 7 15271
88 27295 6 22096
89 12668 1 19680
90 3853 1 27384
91 18782 1 587
92 6228 10 13619
93 13403 17 14223
94 23127 20 3361
95 2761 29 7210
96 6165 24 16954
97 12268 18 4924
98 25824 15 12540
99 9235 18 9100
100 16975 11 24417
101 217 15 2198
102 25389 21 14230
103 28938 20 16004
104 20725 10 430
105 26384 0 14024
106 21353 26 22429
107 25918 29 27948
108 2831 20 95
109 7902 7 6929
110 28733 22 20194
111 21383 22 11347
112 364 10 14317
113 11803 1 19976
114 19322 20 23847
115 6568 1 28895
116 26250 11 23767
117 25633 5 22771
118 9821 14 15164
119 22997 27 18821
120 5496 26 26661
121 945 15 2215
122 15849 4 24282
123 18901 0 14199
124 1060 9 21336
125 8819 26 6180
126 7352 22 24885
127 29165 28 16121
128 27081 10 5953
129 17782 11 8656
130 2544 21 20916
131 21110 28 28524
132 5752 13 18361
133 11468 25 10905
134 24072 12 5789
135 8769 16 7073
136 28305 14 21820
137 17010 7 20809
138 11071 0 13960
139 17102 12 14416
140 28780 16 150
141 20822 20 14818
142 4157 3 27515
143 12764 2 29493
144 21785 4 7102
145 26132 27 23990
146 14868 9 29880
147 14354 26 6908
148 4300 20 20676
149 7139 9 28978
150 23705 9 28802
151 25632 7 28824
152 22008 14 15663
153 20393 11 15119
154 3812 26 13134
155 5362 17 3388
156 17707 24 20133
157 19727 21 7734
158 15392 6 27239
159 7999 6 5281
160 10269 1 1311
161 27565 10 2080
162 7612 25 24866
163 2681 28 1432
164 26730 5 4688
165 3368 26 24809
166 8273 6 16247
167 15877 5 11069
168 3002 19 26095
169 24148 27 24826
170 22495 16 15935
171 25578 22 18136
172 16074 3 2008
173 15356 19 12286
174 3330 0 6729
175 27952 0 15493
176 1664 28 93
177 4149 26 23303
178 21932 24 22783
179 2744 25 9310
180 4486 11 13069
181 29929 2 22306
182 12234 0 20994
183 14258 4 3476
184 5043 29 22282
185 8175 12 24527
186 12432 20 23569
187 18690 24 6311
188 8211 8 2646
189 12283 24 2573
190 26556 14 22700
191 4052 25 2953
192 10390 4 402
193 11821 24 18849
194 11449 15 11874
195 15834 21 2078
196 5566 24 16816
197 13624 24 1241
198 16709 13 9490
199 28177 9 9347
200 6047 28 27241
