1 7799 21 11982
2 404 22 27774
3 1154 0 820
4 29614 24 6436
5 11363 15 29205
6 22412 20 14043
7 25629 24 25573
8 5885 21 26284
9 17698 13 29417
10 4558 22 4517
11 24920 11 1862
12 28323 3 18294
13 17341 15 10854
14 19777 8 29546
15 19557 23 3064
16 823 2 9387
17 21008 19 20488
18 19715 6 7985
19 26306 2 20772
20 26874 15 15881
21 2560 5 24518
22 29753 4 25947
23 27576 8 26505
24 7703 13 1025
25 18810 21 27554
26 20797 20 21735
27 17553 10 15188
28 751 2 20740
29 2764 4 23414
30 20454 6 28374
31 1081 19 3319
32 5141 9 9711
33 9946 29 9463
34 9587 7 22350
35 17093 4 29912
36 3517 2 22440
37 334 12 16824
38 16689 8 28396
39 22916 17 13015
40 21183 8 24949
41 15347 23 14888
42 5654 13 11450
43 17804 17 3961
44 17383 29 12896
45 14109 11 15494
46 13706 23 17003
47 17674 1 15855
48 10889 25 10924
49 11552 12 2617
50 22804 4 26028
51 11624 14 8522
52 5177 28 17141
53 842 3 27628
54 24374 23 6032
55 12710 23 26892
56 15562 22 3917
57 7665 12 7164
58 25100 4 21293
59 10825 22 19052
60 19279 0 17245
61 25861 10 17483
62 3727 6 11245
63 25752 24 29064
64 14832 5 18743
65 9847 14 27798
66 26871 16 10544
67 15534 9 7867
68 2511 0 24138
69 21215 28 27055
70 3251 14 3810
71 4737 18 4830
72 172 8 11731
73 18506 3 2705
74 27306 3 15358
75 4053 22 12701
76 10855 26 17329
77 10730 4 21089
78 4671 29 12306
79 10208 20 1746
80 14418 7 647
81 22094 17 15027
82 3473 3 11132
83 4288 11 13195
84 28816 16 20436
85 7403 12 25835
86 10376 1 29373
87 15727 5 15009
88 20905 18 6085
89 18813 23 17368
90 23154 24 28506
91 5236 21 18104
92 9486 15 5721
93 16619 24 9493
94 12280 26 23844
95 3413 21 25881
96 11150 2 8486
97 22190 16 28745
98 21092 25 26319
99 4536 6 28991
100 26090 9 6578
101 18877 24 29124
102 27282 20 8884
103 4308 12 21944
104 21701 11 11665
105 29201 5 25788
106 22850 19 1942
107 16181 11 28768
108 18417 24 22020
109 24808 9 22861
110 23362 6 6440
111 10608 17 28125
112 26465 27 5298
113 19729 14 27719
114 5628 18 15515
115 23903 19 25779
116 22026 11 7111
117 7842 20 23698
118 26520 3 15578
119 26817 1 27721
120 19209 15 15447
121 25719 15 8595
122 2651 27 28306
123 21264 11 1062
124 7103 21 22074
125 24164 5 11505
126 25220 5 18057
127 27187 7 29921
128 18258 6 15320
129 3502 26 22150
130 22093 19 26071
131 13944 15 11634
132 6739 23 6458
133 9787 14 9491
134 18679 4 18591
135 10381 4 2907
136 20647 13 18528
137 11031 17 11116
138 25556 18 9505
139 1593 5 10745
140 29547 21 171
141 26471 24 6432
142 15360 1 19086
143 27911 18 24286
144 1631 9 3699
145 29095 5 4987
146 28484 10 18346
147 4776 7 7376
148 16821 17 2782
149 25717 16 23009
150 22134 12 25580
151 21697 21 11367
152 3614 25 10381
153 5900 2 9100
154 1599 4 12868
155 2608 15 8906
156 22360 27 7860
157 8301 16 12102
158 24859 15 2082
159 4253 2 12212
160 28642 13 21309
161 24194 13 16888
162 6339 20 13870
163 28885 9 24614
164 24292 15 3276
165 21961 0 1921
166 10280 17 23944
167 20869 20 21235
168 27996 29 27775
169 5060 2 18626
170 24201 19 6379
171 23276 1 1225
172 2015 17 17092
173 104 14 22728
174 22526 21 4990
175 29492 5 4614
176 19831 14 3333
177 10925 25 15738
178 1463 17 5251
179 11268 0 28548
180 13397 6 20493
181 11106 3 12765
182 2201 10 19580
183 16379 19 20754
184 19280 17 8961
185 22338 9 15200
186 5696 13 2151
187 8265 27 15114
188 19625 28 6333
189 22159 5 13464
190 11780 28 8178
191 25389 0 628
192 26207 23 9141
193 18401 23 18358
194 23244 9 17864
195 566 27 19731
196 13831 14 25459
197 24735 17 23854
198 16302 11 11209
199 9259 25 5212
200 14107 26 3455
201 19335 3 27017
202 14425 16 10599
203 18411 10 12546
204 22763 27 22641
205 3825 21 27613
206 25583 27 29779
207 28569 5 6642
208 25989 9 20791
209 6060 25 11844
210 10175 1 13272
211 21682 23 22481
212 11540 4 23164
213 20431 5 7004
214 27842 19 7899
215 26692 26 15572
216 4708 19 7382
217 564 23 22452
218 22890 29 3341
219 6524 29 1404
220 11053 4 29758
221 22686 24 29129
222 2936 15 16489
223 7371 11 28898
224 27862 13 4608
225 29045 22 13421
226 2177 9 25152
227 7628 22 16603
228 7632 5 2832
229 5316 13 7618
230 3731 13 24287
231 4239 8 24351
232 21151 9 5301
233 17445 27 11262
234 20824 29 25320
235 16252 21 17836
236 11088 6 7347
237 12797 1 14393
238 6919 3 23849
239 6054 26 29981
240 23246 9 22611
241 15412 8 4893
242 5315 18 14303
243 11447 6 20366
244 19840 28 348
245 13385 29 10476
246 7111 6 125
247 4034 0 5329
248 12920 17 21388
249 23354 21 3030
250 28681 5 24039
251 589 8 5605
252 832 27 24316
253 29901 22 17632
254 23198 0 14396
255 4292 0 11272
256 26831 0 13122
257 11630 27 21144
258 12076 17 25543
259 4130 0 12864
260 636 8 4309
261 7623 19 14435
262 12910 6 25709
263 10671 17 8912
264 15412 13 19252
265 27665 20 12756
266 17449 26 16427
267 1357 27 12164
268 17718 7 11891
269 18823 3 1468
270 14320 21 25567
271 28766 19 11538
272 15526 25 7091
273 20367 7 11653
274 23317 4 9073
275 15479 5 17706
276 4843 23 12987
277 28453 3 9688
278 23666 26 8982
279 10309 3 2793
280 26048 14 5384
281 24312 25 2415
282 21763 25 5030
283 3112 3 1149
284 29315 9 13812
285 26496 20 9237
286 8099 25 25930
287 19430 27 21548
288 11138 13 25331
289 18215 17 16241
290 489 7 3078
291 15978 25 1446
292 29877 12 6664
293 7798 23 11064
294 27174 12 22099
295 23434 25 18831
296 19295 8 19646
297 5838 13 2117
298 20284 2 25226
299 17964 9 5274
300 14138 1 10592
301 16298 20 9497
302 10720 2 14095
303 9368 8 27597
304 3734 28 25566
305 24114 14 28735
306 785 25 4692
307 13811 17 26923
308 25479 4 26315
309 4894 2 10657
310 11662 8 20099
311 8898 27 13865
312 452 11 13475
313 24689 25 10697
314 26484 4 17800
315 10878 0 28707
316 1938 23 25410
317 6142 10 4294
318 28684 7 20120
319 2669 26 18940
320 14216 27 3017
321 18550 20 20358
322 9064 15 20310
323 14235 0 13004
324 4979 27 5251
325 5741 22 22604
326 490 15 21918
327 18310 10 25023
328 28338 9 24399
329 8567 15 22847
330 18281 12 5279
331 17452 17 14020
332 20758 6 22462
333 21922 21 17666
334 4857 21 16709
335 18301 24 23753
336 6578 15 3496
337 1125 16 21433
338 3168 28 4844
339 5791 10 20499
340 26403 24 11115
341 23681 28 2116
342 29555 21 29763
343 18300 0 2565
344 20673 3 11893
345 25844 4 3236
346 18812 5 23330
347 19854 10 8534
348 26396 24 20937
349 23906 0 1454
350 29987 15 17247
351 17508 8 15311
352 24644 0 17677
353 17494 13 5786
354 20756 19 26113
355 27191 16 27880
356 21985 27 12653
357 905 20 22149
358 14418 26 15648
359 12263 28 11834
360 15397 1 12416
361 20788 22 25693
362 26607 2 5997
363 16169 0 24452
364 21622 3 21622
365 14887 14 6360
366 9609 20 9914
367 1041 27 20597
368 28125 21 18858
369 12334 8 7860
370 26507 8 11867
371 23738 27 24966
372 8366 24 10384
373 29603 1 16576
374 16958 12 21112
375 20904 23 28480
376 21622 4 5971
377 22273 13 10762
378 9941 27 22395
379 28944 8 21130
380 22254 29 4510
381 17125 5 26119
382 21267 11 18586
383 19776 20 24468
384 181 17 12616
385 14750 15 15235
386 13169 29 2592
387 16090 9 15033
388 11116 21 18798
389 23181 9 4893
390 26034 26 25111
391 16694 26 24115
392 7364 14 10534
393 14257 17 5679
394 19882 22 22025
395 17527 0 18961
396 2806 26 20006
397 505 28 26671
398 8989 25 15402
399 22346 18 7074
400 7757 7 755
401 6421 4 14063
402 3459 5 4284
403 24077 5 5660
404 721 5 26176
405 919 1 20408
406 22376 7 17346
407 24794 12 18004
408 7231 0 11594
409 24113 19 25070
410 28463 25 345
411 18263 16 23097
412 17137 4 7472
413 14459 29 4127
414 24299 2 9187
415 8982 3 27218
416 20245 3 11036
417 91 25 7504
418 21741 7 3676
419 27607 10 27677
420 1980 1 15211
421 28845 6 19936
422 22220 16 22754
423 4743 9 1012
424 24330 17 15475
425 19559 26 785
426 11819 5 18211
427 9805 12 13598
428 18344 8 23891
429 2935 12 23452
430 13280 10 17840
431 15982 14 25787
432 28342 28 9922
433 29374 14 28806
434 28138 20 28734
435 18269 26 1121
436 13348 0 14127
437 7965 21 1578
438 14943 22 26292
439 7117 21 16680
440 3831 13 16115
441 278 25 21583
442 10326 8 11702
443 23565 18 19223
444 10911 4 17086
445 2268 22 4106
446 6237 1 12760
447 19514 24 14891
448 12086 19 28422
449 29332 17 2349
450 2914 10 14976
451 19913 3 10350
452 6368 15 28856
453 23437 0 10722
454 15212 0 9789
455 17801 29 21833
456 9347 1 1606
457 3086 5 28006
458 2357 26 16193
459 3769 26 5772
460 19319 2 22906
461 8549 14 24140
462 12488 10 1332
463 15929 17 14416
464 20181 8 14715
465 14521 23 15299
466 24822 10 22135
467 24067 8 8683
468 2569 10 25933
469 2032 7 11679
470 21856 26 5739
471 8263 0 540
472 12607 9 12714
473 6603 9 22409
474 25991 20 29398
475 9431 10 11211
476 2295 29 19435
477 12781 15 19365
478 21113 1 17812
479 6130 29 15323
480 14326 7 14466
481 16303 13 29205
482 3780 11 15613
483 6315 6 14947
484 28592 0 484
485 7064 0 5772
486 13973 5 24835
487 15235 2 23023
488 6380 29 10816
489 10312 29 13383
490 23452 10 4010
491 10822 12 21173
492 19127 1 6498
493 22406 19 987
494 28237 17 24797
495 15137 13 490
496 1507 19 26012
497 375 3 2405
498 27243 2 11083
499 28405 3 11493
500 12132 16 18970
